0.001 3.42265e-07 4.09401e-08 4.87958e-09
0.002 4.87234e-06 5.81117e-07 6.8155e-08
0.003 2.51651e-05 2.80637e-06 3.28976e-07
0.004 7.61713e-05 8.66672e-06 1.00896e-06
0.005 0.000161811 2.01599e-05 2.39976e-06
0.006 0.000289241 4.28422e-05 4.84527e-06
0.007 0.00048555 7.77264e-05 8.65769e-06
0.008 0.000803846 0.000118295 1.39696e-05
0.009 0.00132178 0.000166199 2.37294e-05
0.01 0.00213578 0.000239124 3.49077e-05
0.011 0.00335277 0.000365255 4.22321e-05
0.012 0.00508071 0.000571905 5.00953e-05
0.013 0.00741856 0.000875095 7.13142e-05
0.014 0.0104467 0.00127196 0.000115628
0.015 0.0142187 0.00173914 0.0001847
0.016 0.0187544 0.00223167 0.000264779
0.017 0.0240365 0.0026884 0.000326906
0.018 0.0300101 0.00304048 0.000340994
0.019 0.0365833 0.00321397 0.000289423
0.02 0.0436349 0.00313786 0.000170089
0.021 0.0510226 0.00275839 -7.08964e-06
0.022 0.0585877 0.00204756 -0.000222535
0.023 0.0661672 0.0010022 -0.000445445
0.024 0.0736097 -0.000358069 -0.00063087
0.025 0.080781 -0.00198996 -0.000719335
0.026 0.0875671 -0.0038218 -0.000641319
0.027 0.0938767 -0.00575224 -0.000326297
0.028 0.099642 -0.00765672 0.00028465
0.029 0.10483 -0.00939648 0.00122758
0.03 0.109462 -0.010831 0.00250535
0.031 0.113592 -0.0118378 0.00408107
0.032 0.117285 -0.0123145 0.00587929
0.033 0.120593 -0.0121801 0.00779012
0.034 0.123554 -0.011392 0.00967234
0.035 0.126195 -0.00995414 0.0113756
0.036 0.128542 -0.00790883 0.012752
0.037 0.130625 -0.00531807 0.0136568
0.038 0.132477 -0.00224461 0.0139607
0.039 0.134133 0.00125902 0.013573
0.04 0.135624 0.00515039 0.012455
0.041 0.136982 0.0093967 0.0106315
0.042 0.138236 0.0139693 0.00818938
0.043 0.139409 0.0188378 0.00525676
0.044 0.140525 0.0239734 0.00197924
0.045 0.141597 0.0293492 -0.00149237
0.046 0.142625 0.0349297 -0.00500475
0.047 0.143598 0.0406647 -0.00840586
0.048 0.144495 0.04649 -0.0115574
0.049 0.145281 0.0523328 -0.0143535
0.05 0.145914 0.0581154 -0.0167362
0.051 0.14636 0.063754 -0.0187021
0.052 0.1466 0.0691591 -0.0202958
0.053 0.146638 0.0742454 -0.0215945
0.054 0.146499 0.0789435 -0.0226922
0.055 0.146226 0.0832147 -0.0236853
0.056 0.145876 0.0870627 -0.0246607
0.057 0.145523 0.0905356 -0.0256928
0.058 0.145259 0.0937146 -0.026841
0.059 0.145189 0.0966997 -0.0281451
0.06 0.145406 0.0995991 -0.0296273
0.061 0.145973 0.102521 -0.0312963
0.062 0.146906 0.105562 -0.0331482
0.063 0.148177 0.108802 -0.0351677
0.064 0.149719 0.11229 -0.0373311
0.065 0.151435 0.116055 -0.0396103
0.066 0.153208 0.120103 -0.0419755
0.067 0.154902 0.124427 -0.0443958
0.068 0.156375 0.129008 -0.0468356
0.069 0.157487 0.133815 -0.0492484
0.07 0.158116 0.138808 -0.0515749
0.071 0.158175 0.143943 -0.0537484
0.072 0.157626 0.149181 -0.0557048
0.073 0.156484 0.154496 -0.0573893
0.074 0.154812 0.159875 -0.0587566
0.075 0.152715 0.165311 -0.0597685
0.076 0.15033 0.170792 -0.0603939
0.077 0.147808 0.176296 -0.0606154
0.078 0.145297 0.181783 -0.0604383
0.079 0.142934 0.187192 -0.0598944
0.08 0.140831 0.192444 -0.0590382
0.081 0.139077 0.197438 -0.0579364
0.082 0.137726 0.202068 -0.056654
0.083 0.136798 0.20623 -0.0552408
0.084 0.136284 0.209835 -0.053726
0.085 0.136144 0.212825 -0.052116
0.086 0.136329 0.215166 -0.0503943
0.087 0.136785 0.216855 -0.0485216
0.088 0.13746 0.217915 -0.0464382
0.089 0.138301 0.218396 -0.0440685
0.09 0.139253 0.218373 -0.0413283
0.091 0.14026 0.217942 -0.0381348
0.092 0.141271 0.217212 -0.034419
0.093 0.142243 0.216288 -0.0301375
0.094 0.143143 0.21527 -0.0252836
0.095 0.143947 0.21424 -0.0198942
0.096 0.144632 0.213257 -0.0140495
0.097 0.14518 0.212358 -0.00786553
0.098 0.145576 0.211559 -0.00148208
0.099 0.14582 0.210856 0.00495038
0.1 0.145929 0.210242 0.0112826
