0.001 3.86115e-08 1.95112e-08 8.14513e-09
0.002 2.89884e-07 1.42985e-07 5.87043e-08
0.003 1.39509e-06 6.62129e-07 2.68903e-07
0.004 1.80532e-05 5.51205e-06 1.78638e-06
0.005 9.14983e-05 2.1013e-05 5.86901e-06
0.006 0.000259302 4.65682e-05 1.14422e-05
0.007 0.000501077 8.61641e-05 1.85107e-05
0.008 0.000708404 0.000128714 2.74183e-05
0.009 0.00102032 0.000237698 3.6805e-05
0.01 0.00160118 0.000313879 5.45467e-05
0.011 0.00259096 0.000327163 6.1528e-05
0.012 0.00411104 0.000417867 0.000120588
0.013 0.00626487 0.000681129 0.00010929
0.014 0.0091341 0.0011242 6.7481e-05
0.015 0.0127704 0.00170147 0.000111804
0.016 0.0171918 0.00234862 0.00026478
0.017 0.0223829 0.00295333 0.000421895
0.018 0.0282733 0.00347218 0.000581052
0.019 0.0347841 0.0037681 0.000617555
0.02 0.0417671 0.00378601 0.000448751
0.021 0.0491222 0.00352152 0.000155234
0.022 0.0566182 0.00286264 -0.000151624
0.023 0.0641518 0.0017845 -0.000427681
0.024 0.0715847 0.00038273 -0.000672442
0.025 0.0787032 -0.00123373 -0.000872418
0.026 0.0853885 -0.00306635 -0.000948044
0.027 0.0916787 -0.00504211 -0.000808593
0.028 0.0974508 -0.00709191 -0.000335792
0.029 0.102619 -0.00902337 0.000517968
0.03 0.107218 -0.0106269 0.0018117
0.031 0.111271 -0.0117995 0.00346463
0.032 0.114844 -0.0123765 0.00543173
0.033 0.118087 -0.0122725 0.00757222
0.034 0.121092 -0.011509 0.00968343
0.035 0.123844 -0.0101605 0.0116327
0.036 0.126258 -0.00819835 0.0132943
0.037 0.128325 -0.00569941 0.0144025
0.038 0.130083 -0.00275495 0.0148488
0.039 0.13165 0.000556442 0.0146192
0.04 0.133069 0.00416956 0.0136217
0.041 0.134405 0.00817639 0.0118353
0.042 0.135654 0.012578 0.00937978
0.043 0.136803 0.0173173 0.00638443
0.044 0.137903 0.0223422 0.0030243
0.045 0.13898 0.0276527 -0.000507975
0.046 0.139994 0.0331366 -0.00403318
0.047 0.141024 0.038756 -0.00746609
0.048 0.142063 0.0445359 -0.0107046
0.049 0.142977 0.0504069 -0.013636
0.05 0.143729 0.0563019 -0.0160915
0.051 0.144321 0.0620437 -0.0180169
0.052 0.144658 0.0675286 -0.0194774
0.053 0.144699 0.0727013 -0.020593
0.054 0.144482 0.0774895 -0.0215347
0.055 0.14407 0.081756 -0.0224561
0.056 0.143524 0.0854986 -0.0233599
0.057 0.142961 0.0888095 -0.0243188
0.058 0.142476 0.0917471 -0.0254124
0.059 0.14218 0.094495 -0.0266136
0.06 0.142162 0.0971916 -0.0279547
0.061 0.142541 0.0999726 -0.0295364
0.062 0.143427 0.102893 -0.0313312
0.063 0.1448 0.105964 -0.0332737
0.064 0.14652 0.109227 -0.0353654
0.065 0.148461 0.112799 -0.0376021
0.066 0.150433 0.11671 -0.0399261
0.067 0.152328 0.120869 -0.0423176
0.068 0.154105 0.125299 -0.044752
0.069 0.155588 0.129962 -0.0472092
0.07 0.156575 0.134817 -0.0496384
0.071 0.156971 0.139812 -0.051982
0.072 0.156674 0.144894 -0.054176
0.073 0.155618 0.150029 -0.0561232
0.074 0.153905 0.155205 -0.0576928
0.075 0.151723 0.160409 -0.0588797
0.076 0.149207 0.165673 -0.0596768
0.077 0.146512 0.171124 -0.0600472
0.078 0.143801 0.176703 -0.0600159
0.079 0.14123 0.182289 -0.0595454
0.08 0.138918 0.187771 -0.0586308
0.081 0.136959 0.193039 -0.0574345
0.082 0.135423 0.197973 -0.0561346
0.083 0.13436 0.20245 -0.0547882
0.084 0.133728 0.206362 -0.0534354
0.085 0.133514 0.209636 -0.0521036
0.086 0.133695 0.212259 -0.0507044
0.087 0.134139 0.214158 -0.0491592
0.088 0.13478 0.215385 -0.0474379
0.089 0.13558 0.216034 -0.0455144
0.09 0.136482 0.216127 -0.0433001
0.091 0.137492 0.215701 -0.0406745
0.092 0.13861 0.214872 -0.037509
0.093 0.139712 0.213818 -0.0337236
0.094 0.140691 0.212699 -0.0292489
0.095 0.141577 0.211644 -0.0240875
0.096 0.142371 0.210666 -0.0183604
0.097 0.143047 0.209813 -0.0121521
0.098 0.143587 0.20908 -0.0056234
0.099 0.143961 0.208388 0.00100338
0.1 0.144102 0.207732 0.00756193
